0 0.050625 0.081376 0.046250 0.095638
0 0.210000 0.083893 0.045000 0.080537
0 0.572500 0.085570 0.027500 0.070470
0 0.798750 0.081376 0.027500 0.072148
0 0.971875 0.093121 0.041250 0.078859
1 0.117500 0.271812 0.047500 0.093960
1 0.387500 0.273490 0.047500 0.077181
1 0.698750 0.275168 0.035000 0.087248
1 0.840000 0.273490 0.040000 0.087248
2 0.036250 0.444631 0.030000 0.080537
2 0.245625 0.438758 0.033750 0.082215
2 0.395000 0.445470 0.042500 0.072148
2 0.695000 0.437081 0.032500 0.068792
3 0.235625 0.588926 0.061250 0.080537
3 0.130625 0.744128 0.058750 0.085570
3 0.473125 0.598154 0.071250 0.088926
3 0.753750 0.611577 0.045000 0.082215
