4 0.045000 0.100337 0.052500 0.075885
4 0.116250 0.102867 0.037500 0.074199
4 0.183125 0.112985 0.033750 0.087690
4 0.245625 0.112142 0.051250 0.065767
4 0.320625 0.118887 0.043750 0.072513
4 0.399375 0.116358 0.051250 0.084317
4 0.481250 0.120573 0.042500 0.069140
4 0.540625 0.121417 0.038750 0.077572
4 0.589375 0.129005 0.043750 0.082631
4 0.640000 0.127319 0.040000 0.075885
4 0.695625 0.129005 0.033750 0.072513
4 0.749375 0.128162 0.033750 0.070826
4 0.801250 0.130691 0.042500 0.069140
4 0.856250 0.136594 0.045000 0.067454
4 0.918125 0.140809 0.041250 0.069140
5 0.043750 0.264755 0.045000 0.077572
5 0.102500 0.266442 0.035000 0.070826
5 0.168125 0.269815 0.031250 0.067454
5 0.215000 0.272344 0.030000 0.069140
5 0.280625 0.272344 0.048750 0.079258
5 0.358750 0.277403 0.027500 0.072513
5 0.412500 0.285835 0.032500 0.065767
5 0.488125 0.290051 0.038750 0.070826
5 0.533125 0.292580 0.038750 0.065767
5 0.581875 0.297639 0.038750 0.069140
5 0.645000 0.299325 0.032500 0.072513
5 0.698125 0.302698 0.036250 0.072513
5 0.754375 0.301855 0.038750 0.084317
5 0.806250 0.301012 0.035000 0.072513
6 0.045625 0.433390 0.053750 0.077572
6 0.125000 0.435076 0.052500 0.074199
6 0.210000 0.433390 0.052500 0.067454
6 0.288125 0.431703 0.048750 0.070826
6 0.367500 0.427487 0.052500 0.072513
6 0.437500 0.427487 0.042500 0.059022
6 0.507500 0.430860 0.045000 0.062395
6 0.575000 0.435919 0.047500 0.069140
6 0.650000 0.435076 0.057500 0.064081
6 0.716875 0.436762 0.048750 0.064081
6 0.786250 0.440978 0.055000 0.072513
6 0.867500 0.442664 0.055000 0.062395
6 0.049375 0.568297 0.058750 0.080944
6 0.135000 0.569140 0.065000 0.075885
7 0.045625 0.736088 0.058750 0.089376
7 0.111250 0.729342 0.047500 0.079258
7 0.183125 0.720911 0.046250 0.069140
7 0.261875 0.717538 0.046250 0.069140
7 0.330625 0.715008 0.043750 0.084317
7 0.394375 0.717538 0.041250 0.075885
7 0.457500 0.715008 0.040000 0.067454
7 0.525625 0.718381 0.038750 0.070826
7 0.598750 0.719224 0.050000 0.069140
7 0.675625 0.718381 0.046250 0.070826
7 0.761250 0.720067 0.040000 0.067454
7 0.826875 0.725126 0.046250 0.070826
7 0.898750 0.734401 0.047500 0.075885
7 0.751875 0.882799 0.043750 0.075885
7 0.818750 0.884486 0.042500 0.075885
