4 0.038125 0.169167 0.066250 0.081667
4 0.143125 0.176667 0.083750 0.096667
4 0.238125 0.179167 0.063750 0.078333
4 0.325000 0.169167 0.062500 0.095000
4 0.413750 0.174167 0.065000 0.075000
4 0.481875 0.184167 0.058750 0.081667
4 0.568125 0.181667 0.048750 0.076667
4 0.641250 0.186667 0.050000 0.080000
4 0.724375 0.184167 0.068750 0.068333
4 0.807500 0.196667 0.080000 0.083333
4 0.890000 0.201667 0.060000 0.073333
5 0.025625 0.354167 0.048750 0.091667
5 0.105625 0.354167 0.056250 0.088333
5 0.213125 0.349167 0.053750 0.098333
5 0.317500 0.351667 0.072500 0.096667
5 0.423750 0.331667 0.050000 0.090000
5 0.518750 0.324167 0.062500 0.091667
5 0.599375 0.324167 0.053750 0.088333
5 0.672500 0.319167 0.062500 0.098333
5 0.756250 0.316667 0.055000 0.106667
5 0.828750 0.314167 0.062500 0.101667
5 0.898750 0.311667 0.052500 0.103333
6 0.033125 0.526667 0.061250 0.086667
6 0.133125 0.534167 0.076250 0.078333
6 0.225000 0.526667 0.060000 0.110000
6 0.309375 0.531667 0.073750 0.100000
6 0.388125 0.536667 0.056250 0.106667
6 0.464375 0.536667 0.056250 0.096667
6 0.556250 0.539167 0.075000 0.098333
6 0.633750 0.539167 0.050000 0.091667
6 0.703750 0.536667 0.075000 0.096667
6 0.864375 0.544167 0.068750 0.085000
6 0.036250 0.646667 0.065000 0.103333
6 0.128750 0.654167 0.080000 0.095000
7 0.044375 0.774167 0.071250 0.121667
7 0.131875 0.774167 0.076250 0.108333
7 0.214375 0.760833 0.061250 0.125000
7 0.306250 0.752500 0.092500 0.101667
7 0.391875 0.745833 0.066250 0.135000
7 0.467500 0.755000 0.062500 0.116667
7 0.535000 0.740833 0.060000 0.118333
7 0.611875 0.740000 0.063750 0.116667
7 0.693125 0.740833 0.068750 0.125000
7 0.778750 0.735833 0.090000 0.105000
7 0.063750 0.892500 0.085000 0.101667
7 0.151250 0.888333 0.072500 0.090000
