6 0.071174 0.089375 0.088968 0.091250
6 0.186833 0.095000 0.088968 0.082500
6 0.297153 0.091250 0.078292 0.087500
6 0.420819 0.093750 0.119217 0.087500
6 0.540925 0.096875 0.078292 0.083750
6 0.635231 0.102500 0.078292 0.087500
6 0.744662 0.100625 0.108541 0.081250
6 0.845196 0.105000 0.081851 0.087500
6 0.942171 0.106875 0.097865 0.091250
6 0.070285 0.200625 0.097865 0.073750
6 0.175267 0.195000 0.080071 0.075000
6 0.297153 0.193125 0.092527 0.073750
6 0.403915 0.192500 0.081851 0.072500
6 0.520463 0.192500 0.101423 0.075000
6 0.627224 0.195000 0.083630 0.070000
7 0.070285 0.297500 0.094306 0.092500
7 0.184164 0.296875 0.090747 0.096250
7 0.291815 0.297500 0.085409 0.105000
7 0.395018 0.299375 0.074733 0.106250
7 0.502669 0.301250 0.097865 0.112500
7 0.616548 0.302500 0.080071 0.105000
7 0.719751 0.300000 0.076512 0.107500
7 0.818505 0.301875 0.074733 0.106250
7 0.903025 0.301250 0.069395 0.092500
7 0.075623 0.399375 0.083630 0.088750
7 0.178826 0.395000 0.072954 0.082500
7 0.301601 0.404375 0.083630 0.078750
7 0.403025 0.406250 0.094306 0.087500
7 0.503559 0.409375 0.078292 0.088750
7 0.612100 0.413125 0.088968 0.091250
