4 0.123750 0.102867 0.055000 0.080944
4 0.326250 0.109612 0.042500 0.080944
4 0.541250 0.116358 0.035000 0.091062
4 0.748750 0.128162 0.042500 0.080944
5 0.167500 0.269815 0.027500 0.074199
5 0.358750 0.279933 0.032500 0.077572
5 0.643125 0.299325 0.036250 0.082631
5 0.810625 0.304384 0.046250 0.079258
6 0.048125 0.434233 0.053750 0.086003
6 0.211250 0.430017 0.070000 0.084317
6 0.370625 0.430017 0.066250 0.074199
6 0.646250 0.432546 0.055000 0.072513
7 0.043750 0.736931 0.060000 0.077572
7 0.328750 0.720911 0.045000 0.099494
7 0.603750 0.715008 0.050000 0.074199
7 0.748750 0.880270 0.057500 0.091062
