0 0.050625 0.078859 0.058750 0.107383
0 0.131250 0.087248 0.060000 0.107383
0 0.211250 0.091443 0.050000 0.095638
0 0.275000 0.091443 0.057500 0.102349
0 0.338750 0.088926 0.050000 0.104027
0 0.405000 0.093121 0.057500 0.105705
0 0.490000 0.087248 0.060000 0.100671
0 0.568750 0.084732 0.062500 0.098993
0 0.640000 0.088926 0.055000 0.083893
0 0.697500 0.089765 0.040000 0.078859
0 0.746250 0.088087 0.032500 0.065436
0 0.799375 0.089765 0.043750 0.068792
0 0.847500 0.088926 0.037500 0.073826
0 0.908125 0.091443 0.033750 0.068792
0 0.972500 0.093121 0.045000 0.072148
1 0.046250 0.270134 0.050000 0.100671
1 0.121250 0.266779 0.045000 0.093960
1 0.203750 0.265101 0.047500 0.083893
1 0.265625 0.272651 0.033750 0.085570
1 0.328750 0.271812 0.040000 0.083893
1 0.386250 0.273490 0.032500 0.083893
1 0.465000 0.275168 0.027500 0.090604
1 0.533125 0.271812 0.031250 0.063758
1 0.590625 0.271812 0.031250 0.063758
1 0.642500 0.270973 0.032500 0.065436
1 0.703125 0.273490 0.028750 0.073826
1 0.749375 0.277685 0.031250 0.085570
1 0.793125 0.274329 0.028750 0.075503
1 0.837500 0.274329 0.027500 0.075503
1 0.886875 0.274329 0.033750 0.078859
2 0.041250 0.445470 0.042500 0.092282
2 0.120000 0.438758 0.040000 0.088926
2 0.191250 0.440436 0.035000 0.082215
2 0.246875 0.440436 0.028750 0.072148
2 0.318125 0.443792 0.031250 0.078859
2 0.396250 0.446309 0.035000 0.080537
2 0.458125 0.439597 0.023750 0.070470
2 0.520625 0.441275 0.026250 0.080537
2 0.574375 0.442953 0.033750 0.077181
2 0.628125 0.440436 0.026250 0.072148
2 0.689375 0.439597 0.028750 0.070470
2 0.750000 0.441275 0.030000 0.070470
2 0.805625 0.448826 0.033750 0.075503
2 0.851875 0.451342 0.028750 0.063758
2 0.916250 0.458893 0.037500 0.082215
3 0.046875 0.595638 0.068750 0.073826
3 0.140625 0.590604 0.068750 0.073826
3 0.232500 0.591443 0.057500 0.072148
3 0.316875 0.596477 0.056250 0.085570
3 0.391875 0.598154 0.056250 0.078859
3 0.469375 0.601510 0.058750 0.085570
3 0.543125 0.600671 0.058750 0.083893
3 0.621875 0.607383 0.058750 0.083893
3 0.693750 0.609899 0.055000 0.078859
3 0.753125 0.616611 0.046250 0.078859
3 0.825000 0.616611 0.052500 0.075503
3 0.897500 0.625839 0.050000 0.100671
3 0.040000 0.753356 0.050000 0.080537
3 0.133125 0.747483 0.061250 0.082215
