0 0.055625 0.140833 0.071250 0.131667
0 0.160000 0.140833 0.067500 0.128333
0 0.257500 0.139167 0.070000 0.121667
0 0.359375 0.132500 0.058750 0.115000
0 0.443750 0.125833 0.055000 0.128333
0 0.529375 0.139167 0.063750 0.111667
0 0.617500 0.138333 0.072500 0.106667
0 0.691250 0.135833 0.057500 0.108333
0 0.758125 0.145833 0.056250 0.108333
0 0.831875 0.148333 0.066250 0.106667
0 0.912500 0.133333 0.062500 0.090000
0 0.052500 0.296667 0.060000 0.096667
0 0.158125 0.290833 0.073750 0.101667
0 0.255625 0.285000 0.066250 0.136667
1 0.416250 0.274167 0.052500 0.105000
1 0.484375 0.267500 0.046250 0.088333
1 0.546875 0.265833 0.051250 0.091667
1 0.608125 0.269167 0.043750 0.078333
1 0.661875 0.268333 0.046250 0.070000
1 0.724375 0.269167 0.053750 0.068333
1 0.790625 0.266667 0.041250 0.056667
1 0.861250 0.268333 0.055000 0.066667
1 0.913125 0.265000 0.028750 0.056667
1 0.049375 0.438333 0.051250 0.086667
1 0.145625 0.426667 0.058750 0.086667
1 0.230000 0.420000 0.050000 0.083333
2 0.380000 0.405833 0.047500 0.091667
2 0.466875 0.407500 0.041250 0.111667
2 0.551250 0.409167 0.057500 0.091667
2 0.623125 0.415833 0.046250 0.098333
2 0.708750 0.405000 0.057500 0.090000
2 0.785000 0.393333 0.045000 0.100000
2 0.861250 0.394167 0.062500 0.111667
2 0.057500 0.570833 0.040000 0.125000
2 0.153750 0.568333 0.042500 0.113333
2 0.238125 0.556667 0.036250 0.093333
2 0.321250 0.555000 0.042500 0.100000
2 0.407500 0.555000 0.055000 0.103333
3 0.514375 0.553333 0.053750 0.076667
3 0.625625 0.545833 0.078750 0.091667
3 0.737500 0.541667 0.075000 0.090000
3 0.833125 0.527500 0.073750 0.098333
3 0.076875 0.700000 0.071250 0.080000
3 0.203125 0.697500 0.068750 0.091667
3 0.309375 0.693333 0.068750 0.096667
3 0.411250 0.686667 0.067500 0.083333
3 0.506250 0.685833 0.062500 0.085000
3 0.606250 0.679167 0.072500 0.085000
3 0.728125 0.684167 0.068750 0.078333
