0 0.053509 0.045625 0.064912 0.066250
0 0.135088 0.047500 0.059649 0.062500
0 0.220175 0.053125 0.050877 0.068750
0 0.307018 0.057500 0.052632 0.070000
0 0.407018 0.057500 0.066667 0.080000
0 0.503509 0.065625 0.063158 0.093750
0 0.594737 0.061875 0.059649 0.083750
0 0.687719 0.059375 0.052632 0.096250
0 0.769298 0.064375 0.054386 0.086250
0 0.837719 0.062500 0.050877 0.097500
0 0.905263 0.067500 0.059649 0.095000
0 0.963158 0.065625 0.049123 0.078750
0 0.063158 0.761875 0.052632 0.048750
0 0.150877 0.763750 0.049123 0.045000
0 0.236842 0.768750 0.045614 0.052500
1 0.050000 0.131875 0.043860 0.071250
1 0.136842 0.143125 0.052632 0.066250
1 0.228947 0.146875 0.064912 0.078750
1 0.310526 0.150000 0.059649 0.070000
1 0.402632 0.153750 0.057895 0.070000
1 0.496491 0.161250 0.063158 0.060000
1 0.599123 0.161875 0.064912 0.081250
1 0.686842 0.164375 0.064912 0.083750
1 0.761404 0.170625 0.052632 0.073750
1 0.821053 0.173125 0.052632 0.078750
1 0.887719 0.175625 0.049123 0.061250
1 0.947368 0.171250 0.063158 0.067500
1 0.319298 0.773125 0.042105 0.056250
1 0.376316 0.778125 0.050877 0.066250
1 0.429825 0.781250 0.049123 0.057500
2 0.057895 0.250625 0.045614 0.068750
2 0.143860 0.251250 0.063158 0.075000
2 0.237719 0.261875 0.061404 0.071250
2 0.321053 0.257500 0.063158 0.072500
2 0.409649 0.261250 0.054386 0.067500
2 0.501754 0.253750 0.070175 0.062500
2 0.600000 0.255625 0.045614 0.061250
2 0.688596 0.253125 0.054386 0.076250
2 0.761404 0.265000 0.056140 0.067500
2 0.832456 0.264375 0.054386 0.068750
2 0.894737 0.265625 0.052632 0.071250
2 0.964035 0.265000 0.054386 0.070000
2 0.499123 0.780625 0.043860 0.066250
2 0.549123 0.782500 0.038596 0.057500
2 0.605263 0.778750 0.049123 0.072500
3 0.071053 0.345000 0.092982 0.072500
3 0.258772 0.358750 0.085965 0.057500
3 0.354386 0.359375 0.080702 0.063750
3 0.437719 0.360625 0.068421 0.063750
3 0.512281 0.368750 0.059649 0.055000
3 0.608772 0.374375 0.063158 0.051250
3 0.695614 0.376875 0.061404 0.056250
3 0.768421 0.375625 0.052632 0.053750
3 0.836842 0.376250 0.070175 0.055000
3 0.905263 0.375625 0.052632 0.063750
3 0.964912 0.377500 0.059649 0.067500
3 0.757895 0.791250 0.063158 0.052500
3 0.830702 0.787500 0.061404 0.057500
3 0.906140 0.795625 0.068421 0.046250
3 0.862281 0.928125 0.107018 0.058750
4 0.071930 0.437500 0.059649 0.050000
4 0.171930 0.445000 0.063158 0.055000
4 0.264035 0.450000 0.064912 0.057500
4 0.355263 0.446875 0.054386 0.061250
4 0.442105 0.452500 0.056140 0.052500
4 0.518421 0.455000 0.061404 0.060000
4 0.604386 0.451875 0.057895 0.043750
4 0.693860 0.450625 0.054386 0.043750
4 0.764912 0.450625 0.049123 0.041250
4 0.835088 0.458125 0.049123 0.058750
4 0.898246 0.459375 0.042105 0.046250
4 0.958772 0.456250 0.047368 0.047500
4 0.061404 0.824375 0.063158 0.058750
4 0.143860 0.837500 0.049123 0.047500
4 0.232456 0.840000 0.050877 0.052500
5 0.059649 0.526875 0.063158 0.051250
5 0.172807 0.538750 0.057895 0.052500
5 0.268421 0.536250 0.056140 0.055000
5 0.350000 0.542500 0.050877 0.052500
5 0.435965 0.541875 0.061404 0.051250
5 0.517544 0.546250 0.066667 0.052500
5 0.600000 0.541875 0.073684 0.068750
5 0.685088 0.545625 0.057895 0.066250
5 0.759649 0.541875 0.056140 0.068750
5 0.832456 0.542500 0.054386 0.057500
5 0.892982 0.540625 0.052632 0.058750
5 0.958772 0.537500 0.054386 0.065000
5 0.327193 0.844375 0.043860 0.046250
5 0.382456 0.848125 0.042105 0.043750
5 0.439474 0.850625 0.064912 0.043750
6 0.068421 0.605625 0.080702 0.058750
6 0.177193 0.605625 0.056140 0.053750
6 0.280702 0.612500 0.052632 0.060000
6 0.364035 0.609375 0.061404 0.058750
6 0.447368 0.612500 0.059649 0.055000
6 0.517544 0.605000 0.063158 0.052500
6 0.599123 0.608125 0.047368 0.041250
6 0.690351 0.612500 0.050877 0.047500
6 0.761404 0.615625 0.052632 0.053750
6 0.830702 0.613750 0.061404 0.052500
6 0.897368 0.609375 0.057895 0.056250
6 0.961404 0.611875 0.059649 0.058750
6 0.509649 0.850000 0.043860 0.055000
6 0.565789 0.851875 0.054386 0.051250
6 0.616667 0.850625 0.047368 0.051250
7 0.065789 0.685625 0.068421 0.063750
7 0.169298 0.691875 0.054386 0.071250
7 0.280702 0.690625 0.066667 0.066250
7 0.364912 0.695625 0.056140 0.068750
7 0.437719 0.692500 0.054386 0.065000
7 0.522807 0.695000 0.063158 0.080000
7 0.594737 0.690000 0.063158 0.080000
7 0.685965 0.698125 0.063158 0.061250
7 0.827193 0.701250 0.071930 0.057500
7 0.895614 0.697500 0.061404 0.075000
7 0.958772 0.703750 0.061404 0.077500
7 0.692982 0.848125 0.052632 0.056250
7 0.766667 0.854375 0.059649 0.058750
7 0.838596 0.853750 0.056140 0.055000
7 0.903509 0.854375 0.052632 0.053750
