0 0.155000 0.170625 0.056667 0.051250
0 0.222500 0.172500 0.051667 0.050000
0 0.283333 0.170625 0.050000 0.051250
0 0.344167 0.165625 0.051667 0.046250
0 0.405833 0.163750 0.051667 0.052500
0 0.469167 0.163125 0.051667 0.053750
0 0.529167 0.163125 0.055000 0.053750
0 0.589167 0.163750 0.051667 0.052500
0 0.650833 0.163750 0.061667 0.055000
0 0.723333 0.159375 0.063333 0.048750
0 0.201667 0.725000 0.056667 0.050000
0 0.268333 0.717500 0.053333 0.047500
0 0.328333 0.716875 0.053333 0.046250
0 0.389167 0.710625 0.048333 0.048750
1 0.153333 0.252500 0.060000 0.047500
1 0.218333 0.251875 0.056667 0.048750
1 0.286667 0.247500 0.056667 0.052500
1 0.352500 0.241875 0.048333 0.056250
1 0.414167 0.240000 0.061667 0.050000
1 0.481667 0.240000 0.060000 0.050000
1 0.548333 0.235625 0.053333 0.048750
1 0.612500 0.231250 0.055000 0.045000
1 0.670833 0.231250 0.051667 0.042500
1 0.731667 0.226250 0.056667 0.045000
1 0.455000 0.702500 0.056667 0.037500
1 0.510000 0.696875 0.043333 0.036250
1 0.559167 0.693750 0.045000 0.035000
1 0.619167 0.687500 0.055000 0.037500
2 0.151667 0.330625 0.050000 0.053750
2 0.215000 0.330625 0.053333 0.053750
2 0.286667 0.327500 0.056667 0.047500
2 0.348333 0.318125 0.050000 0.046250
2 0.413333 0.311250 0.053333 0.057500
2 0.483333 0.313125 0.053333 0.056250
2 0.548333 0.306250 0.056667 0.050000
2 0.603333 0.301875 0.040000 0.046250
2 0.656667 0.300625 0.046667 0.046250
2 0.718333 0.293750 0.050000 0.050000
2 0.787500 0.293125 0.065000 0.051250
1 0.795833 0.220625 0.055000 0.041250
2 0.670833 0.681875 0.041667 0.036250
2 0.718333 0.682500 0.040000 0.040000
2 0.773333 0.681250 0.050000 0.045000
3 0.164167 0.398750 0.065000 0.045000
3 0.235000 0.396250 0.063333 0.042500
3 0.304167 0.394375 0.058333 0.041250
3 0.367500 0.388125 0.055000 0.043750
3 0.430833 0.382500 0.065000 0.045000
3 0.491667 0.380625 0.053333 0.046250
3 0.557500 0.375625 0.058333 0.046250
3 0.617500 0.371250 0.048333 0.050000
3 0.666667 0.367500 0.043333 0.045000
3 0.715833 0.364375 0.045000 0.048750
3 0.778333 0.363750 0.056667 0.052500
3 0.284167 0.773125 0.058333 0.033750
3 0.343333 0.773125 0.053333 0.031250
3 0.405000 0.767500 0.056667 0.030000
3 0.465000 0.764375 0.050000 0.036250
2 0.218333 0.776875 0.046667 0.038750
4 0.160000 0.460625 0.043333 0.038750
4 0.213333 0.461250 0.046667 0.037500
4 0.272500 0.453750 0.051667 0.040000
4 0.331667 0.450000 0.040000 0.035000
4 0.375000 0.446875 0.040000 0.033750
4 0.427500 0.440000 0.045000 0.037500
4 0.478333 0.440625 0.043333 0.033750
4 0.526667 0.435000 0.043333 0.035000
4 0.589167 0.431875 0.048333 0.036250
4 0.650000 0.428125 0.053333 0.041250
4 0.705000 0.425000 0.043333 0.042500
4 0.766667 0.425625 0.050000 0.043750
4 0.519167 0.756875 0.048333 0.033750
4 0.566667 0.753125 0.040000 0.033750
4 0.611667 0.750625 0.040000 0.033750
4 0.658333 0.746875 0.033333 0.036250
5 0.165833 0.516250 0.041667 0.042500
5 0.213333 0.516875 0.040000 0.043750
5 0.268333 0.511250 0.040000 0.040000
5 0.316667 0.508750 0.043333 0.040000
5 0.369167 0.503750 0.048333 0.037500
5 0.427500 0.500625 0.048333 0.043750
5 0.480833 0.498750 0.045000 0.045000
5 0.534167 0.500000 0.045000 0.045000
5 0.588333 0.495625 0.040000 0.043750
5 0.635833 0.493750 0.041667 0.040000
5 0.690000 0.490000 0.043333 0.042500
5 0.750000 0.487500 0.046667 0.042500
5 0.700000 0.744375 0.043333 0.038750
5 0.749167 0.743750 0.041667 0.040000
5 0.792500 0.741250 0.035000 0.040000
5 0.225000 0.820000 0.046667 0.035000
6 0.183333 0.579375 0.053333 0.036250
6 0.243333 0.574375 0.056667 0.033750
6 0.302500 0.569375 0.055000 0.033750
6 0.365833 0.565625 0.055000 0.031250
6 0.430000 0.560000 0.046667 0.035000
6 0.489167 0.560000 0.055000 0.037500
6 0.540833 0.560000 0.041667 0.030000
6 0.588333 0.555625 0.043333 0.031250
6 0.640000 0.556250 0.050000 0.035000
6 0.694167 0.550625 0.048333 0.028750
6 0.751667 0.551875 0.053333 0.033750
6 0.290000 0.816875 0.053333 0.028750
6 0.345833 0.814375 0.048333 0.026250
6 0.398333 0.813125 0.046667 0.026250
6 0.450000 0.810000 0.046667 0.025000
7 0.193333 0.642500 0.060000 0.052500
7 0.261667 0.633750 0.066667 0.050000
7 0.325000 0.633750 0.053333 0.050000
7 0.390000 0.625000 0.056667 0.055000
7 0.453333 0.625000 0.056667 0.057500
7 0.517500 0.621875 0.065000 0.048750
7 0.581667 0.612500 0.056667 0.047500
7 0.640000 0.610000 0.053333 0.045000
7 0.694167 0.607500 0.048333 0.040000
7 0.754167 0.606250 0.058333 0.042500
7 0.505833 0.801250 0.051667 0.035000
7 0.563333 0.796875 0.050000 0.033750
7 0.618333 0.792500 0.050000 0.032500
7 0.674167 0.791250 0.051667 0.037500
