0 0.031667 0.070625 0.060000 0.068750
0 0.106667 0.067500 0.056667 0.062500
0 0.176667 0.070000 0.060000 0.060000
0 0.248333 0.066875 0.053333 0.058750
0 0.321667 0.069375 0.050000 0.061250
0 0.398333 0.068750 0.066667 0.065000
0 0.478333 0.066875 0.063333 0.068750
0 0.555833 0.068750 0.051667 0.062500
0 0.630833 0.066250 0.061667 0.067500
0 0.710833 0.062500 0.061667 0.062500
0 0.791667 0.065000 0.053333 0.070000
0 0.873333 0.063125 0.063333 0.066250
0 0.962500 0.064375 0.061667 0.073750
0 0.084167 0.786250 0.065000 0.055000
0 0.158333 0.786875 0.056667 0.053750
1 0.235833 0.780625 0.061667 0.051250
1 0.304167 0.785000 0.051667 0.060000
1 0.038333 0.152500 0.070000 0.045000
1 0.116667 0.148125 0.063333 0.051250
1 0.188333 0.141875 0.050000 0.046250
1 0.255000 0.142500 0.056667 0.052500
1 0.327500 0.141250 0.055000 0.052500
1 0.405000 0.140625 0.060000 0.051250
1 0.480833 0.138750 0.055000 0.055000
1 0.558333 0.133125 0.060000 0.051250
1 0.637500 0.138125 0.065000 0.063750
1 0.717500 0.138125 0.055000 0.058750
1 0.794167 0.135000 0.058333 0.055000
1 0.875000 0.135625 0.063333 0.073750
1 0.951667 0.137500 0.056667 0.062500
2 0.042500 0.241250 0.058333 0.065000
2 0.123333 0.241875 0.063333 0.071250
2 0.203333 0.238750 0.063333 0.075000
2 0.274167 0.236250 0.051667 0.065000
2 0.344167 0.221875 0.055000 0.071250
2 0.415833 0.226875 0.055000 0.071250
2 0.490000 0.223125 0.053333 0.071250
2 0.559167 0.223125 0.048333 0.068750
2 0.631667 0.220000 0.053333 0.065000
2 0.707500 0.217500 0.055000 0.065000
2 0.790000 0.215625 0.056667 0.068750
2 0.861667 0.215000 0.053333 0.060000
2 0.935833 0.220000 0.051667 0.070000
3 0.055833 0.326250 0.078333 0.055000
3 0.138333 0.326250 0.070000 0.057500
3 0.215000 0.321250 0.070000 0.057500
3 0.289167 0.321875 0.061667 0.051250
3 0.365000 0.320625 0.060000 0.058750
3 0.445833 0.315000 0.065000 0.057500
3 0.515833 0.313125 0.058333 0.068750
3 0.579167 0.313750 0.048333 0.060000
3 0.650000 0.306875 0.060000 0.063750
3 0.724167 0.305000 0.061667 0.060000
3 0.795833 0.303750 0.065000 0.057500
3 0.870833 0.299375 0.055000 0.063750
3 0.943333 0.301250 0.053333 0.067500
2 0.378333 0.778125 0.050000 0.063750
2 0.448333 0.780625 0.050000 0.068750
3 0.525833 0.781250 0.061667 0.072500
3 0.598333 0.783125 0.060000 0.078750
4 0.061667 0.409375 0.063333 0.071250
4 0.133333 0.408750 0.056667 0.072500
4 0.218333 0.403750 0.066667 0.062500
4 0.300000 0.402500 0.060000 0.065000
4 0.375000 0.405000 0.060000 0.067500
4 0.453333 0.403125 0.050000 0.063750
4 0.522500 0.400625 0.058333 0.068750
4 0.591667 0.400625 0.056667 0.068750
4 0.660833 0.396875 0.051667 0.068750
4 0.728333 0.390625 0.060000 0.071250
4 0.799167 0.389375 0.055000 0.066250
4 0.866667 0.390625 0.060000 0.073750
4 0.938333 0.381250 0.043333 0.057500
4 0.685833 0.781250 0.048333 0.070000
4 0.745833 0.783125 0.048333 0.078750
5 0.065833 0.491250 0.055000 0.065000
5 0.135833 0.492500 0.051667 0.067500
5 0.218333 0.486875 0.066667 0.068750
5 0.301667 0.486250 0.070000 0.065000
5 0.374167 0.483750 0.051667 0.060000
5 0.444167 0.477500 0.051667 0.070000
5 0.521667 0.476875 0.053333 0.058750
5 0.585000 0.481875 0.053333 0.071250
5 0.660833 0.483750 0.058333 0.072500
5 0.727500 0.475625 0.048333 0.061250
5 0.785833 0.466250 0.048333 0.062500
5 0.851667 0.470625 0.053333 0.066250
5 0.915833 0.473750 0.051667 0.067500
5 0.819167 0.780625 0.058333 0.061250
5 0.880833 0.789375 0.055000 0.061250
6 0.075833 0.574375 0.051667 0.048750
6 0.145833 0.569375 0.061667 0.056250
6 0.224167 0.568750 0.058333 0.057500
6 0.311667 0.560625 0.066667 0.051250
6 0.387500 0.565625 0.061667 0.061250
6 0.458333 0.561875 0.060000 0.058750
6 0.529167 0.559375 0.055000 0.053750
6 0.601667 0.558125 0.060000 0.048750
6 0.665000 0.556875 0.046667 0.048750
6 0.724167 0.559375 0.048333 0.053750
6 0.789167 0.550000 0.051667 0.055000
6 0.858333 0.547500 0.056667 0.050000
6 0.925833 0.547500 0.058333 0.050000
6 0.075833 0.906875 0.051667 0.068750
6 0.139167 0.904375 0.048333 0.061250
7 0.082500 0.650000 0.051667 0.067500
7 0.154167 0.653750 0.061667 0.072500
7 0.233333 0.645625 0.056667 0.058750
7 0.308333 0.647500 0.056667 0.062500
7 0.383333 0.640625 0.060000 0.058750
7 0.460833 0.643125 0.061667 0.063750
7 0.527500 0.636250 0.061667 0.065000
7 0.600000 0.636250 0.060000 0.067500
7 0.673333 0.638125 0.060000 0.073750
7 0.734167 0.633125 0.045000 0.066250
7 0.795000 0.634375 0.056667 0.068750
7 0.873333 0.633125 0.050000 0.066250
7 0.939167 0.634375 0.045000 0.066250
7 0.228333 0.888125 0.066667 0.073750
7 0.301667 0.880000 0.056667 0.067500
