0 0.083942 0.083750 0.094891 0.117500
0 0.199818 0.086250 0.056569 0.110000
0 0.300182 0.086250 0.067518 0.097500
0 0.389599 0.091250 0.074818 0.097500
0 0.469891 0.093750 0.049270 0.092500
0 0.539234 0.095625 0.060219 0.101250
0 0.633212 0.098125 0.058394 0.096250
0 0.730839 0.100000 0.063869 0.085000
0 0.824818 0.104375 0.054745 0.091250
0 0.932482 0.110000 0.069343 0.082500
0 0.085766 0.203125 0.065693 0.088750
0 0.202555 0.200625 0.062044 0.088750
0 0.302920 0.201250 0.062044 0.102500
0 0.380474 0.196250 0.045620 0.097500
0 0.463504 0.200625 0.065693 0.088750
1 0.558394 0.201250 0.076642 0.087500
1 0.642336 0.201875 0.069343 0.086250
1 0.731752 0.204375 0.091241 0.086250
1 0.816606 0.209375 0.063869 0.086250
1 0.908759 0.215000 0.083942 0.080000
1 0.083942 0.304375 0.080292 0.073750
1 0.201642 0.301875 0.089416 0.083750
1 0.302007 0.298125 0.067518 0.076250
1 0.392336 0.291250 0.072993 0.070000
1 0.465328 0.291875 0.058394 0.073750
1 0.547445 0.286250 0.065693 0.065000
1 0.627737 0.288750 0.051095 0.060000
1 0.708942 0.289375 0.063869 0.053750
1 0.798358 0.288125 0.071168 0.061250
1 0.895985 0.294375 0.087591 0.056250
2 0.082117 0.400000 0.069343 0.080000
2 0.197993 0.403125 0.056569 0.081250
2 0.295620 0.401875 0.069343 0.086250
2 0.393248 0.409375 0.063869 0.091250
2 0.473540 0.416875 0.060219 0.093750
2 0.558394 0.417500 0.058394 0.090000
2 0.635036 0.418750 0.065693 0.097500
2 0.724453 0.415625 0.054745 0.091250
2 0.813869 0.423125 0.065693 0.093750
2 0.904197 0.428125 0.078467 0.096250
2 0.081204 0.495625 0.074818 0.066250
2 0.197080 0.496875 0.072993 0.071250
2 0.289234 0.496875 0.063869 0.063750
2 0.377737 0.499375 0.065693 0.066250
2 0.467153 0.505000 0.076642 0.070000
3 0.598540 0.516250 0.102190 0.075000
3 0.723540 0.520000 0.100365 0.067500
3 0.839416 0.520625 0.109489 0.071250
3 0.099453 0.583125 0.111314 0.063750
3 0.229015 0.576250 0.100365 0.065000
3 0.353102 0.582500 0.096715 0.060000
3 0.472628 0.588750 0.091241 0.067500
3 0.603102 0.596875 0.104015 0.061250
3 0.734489 0.603125 0.100365 0.071250
3 0.863139 0.611250 0.102190 0.070000
3 0.099453 0.653125 0.107664 0.066250
3 0.228102 0.656250 0.102190 0.075000
3 0.383212 0.663750 0.113139 0.067500
3 0.526460 0.668750 0.111314 0.065000
3 0.666058 0.678125 0.094891 0.063750
4 0.801095 0.682500 0.102190 0.062500
4 0.925182 0.696250 0.102190 0.077500
4 0.085766 0.736875 0.094891 0.066250
4 0.215328 0.740625 0.087591 0.066250
4 0.337591 0.743125 0.087591 0.068750
4 0.457117 0.748125 0.096715 0.076250
4 0.585766 0.757500 0.087591 0.072500
4 0.685219 0.767500 0.085766 0.072500
4 0.785584 0.769375 0.063869 0.071250
4 0.898723 0.783750 0.093066 0.070000
4 0.083942 0.823125 0.080292 0.068750
4 0.201642 0.821250 0.082117 0.062500
4 0.331204 0.825000 0.093066 0.060000
4 0.451642 0.834375 0.085766 0.071250
4 0.571168 0.840000 0.083942 0.070000
5 0.679745 0.844375 0.071168 0.063750
5 0.782847 0.850625 0.065693 0.078750
5 0.893248 0.857500 0.089416 0.072500
5 0.069343 0.907500 0.080292 0.065000
5 0.179745 0.903125 0.067518 0.071250
5 0.312044 0.902500 0.080292 0.070000
5 0.438869 0.908750 0.082117 0.072500
5 0.558394 0.914375 0.080292 0.073750
5 0.659672 0.919375 0.074818 0.071250
5 0.772810 0.925000 0.082117 0.067500
5 0.897810 0.932500 0.102190 0.067500
5 0.065693 0.973750 0.087591 0.052500
5 0.185219 0.971250 0.078467 0.057500
5 0.312956 0.968125 0.082117 0.053750
5 0.437044 0.971875 0.085766 0.046250
